293.922
90.284
75.399
74.229
2109.575
682.683
534.538
1385.584
1973.902
160.650
2632.383
172.074
122.258
143.926
162.268
116.384
292.695
707.216
1097.471
11.396
68663.073
35.287
28399.002
0.175
0.147
0.135
0.130
0.125
0.408
0.146
0.149
0.147
0.403
0.184
7680.429
553.795
102003.713
1681.002
34.026
1196.003
225.016
1829.431
98.087
6319.266
2662.894
539.546
459.702
2232.952
5157.854
208.420
1849.946
524.095
28.697
7937.264
2495.416
6423.779
5.241
4.064
16559.619
137435.961
142973.846
141535.965
90301.565
54442.561
64737.831
17036.753
3000.736
19254.383
0.517
0.184
0.445
0.173
27651.523
20959.781
2434.369
173.694
62.243
82.747
5965.362
392.478
9269.840
7377.865
1179.763
189.954
1473.547
0.978
0.199
44421.541
1422.640
82750.634
55185.879
2115.638
40205.264
116.423
8.610
72.223
5449.701
1834.816
3448.203
0.215
0.216
0.231
3056.825
384.494
37194.004
3218.782
605.810
1267.960
14.977
718.231
202.495
20.871
129.414
