4.099
5.593
1.754
1.988
7.362
2.634
2.422
2.504
1.741
1.997
2.393
2.509
2.258
2.120
2.727
1.993
1.973
2.270
2.558
2.477
2.093
20.867
2.180
17.129
5.992
6.287
10.010
3.555
4.117
4.130
9.988
6.890
7.517
7.827
15.842
18.207
4.556
54.013
6.354
7.029
6.394
12.290
7.558
8.099
12.751
12.212
12.528
11.138
11.103
6.707
7.250
21.117
17.111
19.469
57.183
21.049
11.084
8.892
6.934
5.789
50.082
28.204
30.525
29.785
28.101
30.867
41.436
5.714
92.975
21.268
27.019
27.806
26.051
27.482
17.193
24.921
36.529
16.050
41.512
43.807
42.028
44.595
41.129
39.120
40.337
89.033
74.362
15.704
47.903
17.073
121.034
86.329
67.372
79.484
64.202
64.256
84.685
83.209
84.766
103.444
90.599
102.097
70.346
74.677
71.217
81.952
46.480
54.888
4.812
2.332
77.334
78.707
79.624
